cpu_utils:  {4: 96.89350000000003, 8: 97.61650000000002, 12: 96.79099999999998, 16: 95.5605, 20: 96.4775}
num_samples:  {4: 20, 8: 20, 12: 20, 16: 20, 20: 20}
avg_cpu_util:  96.66780000000001
