cpu_utils:  {4: 99.32000000000001, 8: 92.784, 12: 94.08899999999998, 16: 93.48799999999999, 20: 99.16150000000002}
num_samples:  {4: 20, 8: 20, 12: 20, 16: 20, 20: 20}
avg_cpu_util:  95.76849999999999
