cpu_utils:  {4: 100.0, 8: 96.05700000000002, 12: 95.95500000000001, 16: 96.0015, 20: 100.0}
num_samples:  {4: 20, 8: 20, 12: 20, 16: 20, 20: 20}
avg_cpu_util:  97.6027
